0.0 46.4974974974975 0.02307658431320738
0.01 6.7457457457457455 0.3148148148148148
0.02 5.553553553553553 0.33368844696969696
0.03 4.935935935935936 0.34470377019748655
0.04 4.51951951951952 0.35221941537351137
0.05 4.208208208208208 0.35898985016916385
0.06 3.985985985985986 0.3647287292147105
0.07 3.80980980980981 0.3688694170621881
0.08 3.6576576576576576 0.3733999756186761
0.09 3.5035035035035036 0.37710519892604344
0.1 3.3783783783783785 0.38054503238421117
0.11 3.2682682682682684 0.3833822809593735
0.12 3.1621621621621623 0.38622717804190665
0.13 3.084084084084084 0.38866396761133604
0.14 3.006006006006006 0.39093031829912744
0.15 2.925925925925926 0.3938238188976378
0.16 2.8618618618618616 0.3958615593053332
0.17 2.7927927927927927 0.39817554240631164
0.18 2.7377377377377377 0.40074028377544724
0.19 2.675675675675676 0.40227188541795283
0.2 2.6286286286286287 0.4041764487828988
0.21 2.5775775775775776 0.40591364592354323
0.22 2.5315315315315314 0.40802178757118096
0.23 2.4854854854854853 0.4092654527437136
0.24 2.4404404404404403 0.41120337092576525
0.25 2.4004004004004003 0.4122970125201438
0.26 2.3633633633633635 0.41352357320099253
0.27 2.314314314314314 0.41491870423234456
0.28 2.285285285285285 0.4157456848379486
0.29 2.249249249249249 0.41699801192842945
0.3 2.224224224224224 0.4184485330681253
0.31 2.2022022022022023 0.41972391493595324
0.32 2.166166166166166 0.42039800995024873
0.33 2.144144144144144 0.4218516674962668
0.34 2.1071071071071072 0.42295245207866566
0.35 2.088088088088088 0.4240876821521983
0.36 2.061061061061061 0.42590053595911753
0.37 2.021021021021021 0.42698590846738993
0.38 1.987987987987988 0.42769806612601374
0.39 1.952952952952953 0.42921348314606744
0.4 1.931931931931932 0.4299987510927938
0.41 1.906906906906907 0.431784107946027
0.42 1.8808808808808808 0.4335166208447888
0.43 1.8468468468468469 0.43475
0.44 1.812812812812813 0.4355383268725772
0.45 1.7887887887887888 0.43664790494058786
0.46 1.7617617617617618 0.4378128128128128
0.47 1.7297297297297298 0.43953430145217826
0.48 1.7067067067067068 0.44103655483224835
0.49 1.6836836836836837 0.44159258795542755
0.5 1.6626626626626626 0.4427748559979965
0.51 1.6446446446446445 0.444068645872479
0.52 1.6266266266266267 0.4458087958902393
0.53 1.6056056056056056 0.44672850338430686
0.54 1.5885885885885886 0.44764890282131664
0.55 1.5715715715715717 0.44833207925758717
0.56 1.5535535535535536 0.44914085036999873
0.57 1.5285285285285286 0.4503701844648011
0.58 1.5135135135135136 0.4522404920296222
0.59 1.4844844844844844 0.4538036655787095
0.6 1.4714714714714714 0.4552304407886475
0.61 1.4524524524524525 0.45566440592815877
0.62 1.4314314314314314 0.4566009295314659
0.63 1.4004004004004005 0.45822339489885666
0.64 1.3863863863863863 0.4596632319678311
0.65 1.3723723723723724 0.4611516218254966
0.66 1.3503503503503504 0.4635403570530551
0.67 1.3203203203203204 0.4650490319336183
0.68 1.2982982982982982 0.4670440251572327
0.69 1.2772772772772774 0.4684276729559748
0.7 1.2592592592592593 0.4701145086196049
0.71 1.2412412412412412 0.47172900138521595
0.72 1.2212212212212212 0.4732199117832388
0.73 1.2022022022022023 0.47471945530197956
0.74 1.177177177177177 0.4764127144298688
0.75 1.14014014014014 0.47766843300529904
0.76 1.1141141141141142 0.47918243754731266
0.77 1.088088088088088 0.48113564668769715
0.78 1.063063063063063 0.48390761075350247
0.79 1.022022022022022 0.48642162435265884
0.8 0.98998998998999 0.488377968671046
0.81 0.9619619619619619 0.4919772583701832
0.82 0.9329329329329329 0.49557522123893805
0.83 0.9099099099099099 0.4994940551479889
0.84 0.8728728728728729 0.5034796912564848
0.85 0.8368368368368369 0.5074060007595899
0.86 0.8038038038038038 0.5130478844692171
0.87 0.7727727727727728 0.5175605426651452
0.88 0.7337337337337337 0.523845763571791
0.89 0.6906906906906907 0.5291354576615462
0.9 0.6506506506506506 0.5362134688691232
0.91 0.6046046046046046 0.5447030395523337
0.92 0.5585585585585585 0.5546924742136763
0.93 0.5145145145145145 0.562874251497006
0.94 0.44144144144144143 0.5785650567095706
0.95 0.3863863863863864 0.5983669303393723
0.96 0.3263263263263263 0.6177749360613811
0.97 0.25625625625625625 0.6480317989485832
0.98 0.1991991991991992 0.6980331662167374
0.99 0.11611611611611612 0.8031791160506591
1.0 0.002002002002002002 0.9996102883865939
