0.0 41.36141906873614 0.017660305795899018
0.01 5.844789356984479 0.2720802329343255
0.02 4.689578713968958 0.29556814395201597
0.03 4.164079822616408 0.30943523841731485
0.04 3.800443458980044 0.31507315413405923
0.05 3.5543237250554323 0.3186173853524983
0.06 3.3725055432372506 0.32211538461538464
0.07 3.246119733924612 0.32689655172413795
0.08 3.12860310421286 0.32999308914996545
0.09 3.035476718403548 0.33599444637278725
0.1 2.9356984478935697 0.3386703793943613
0.11 2.8492239467849223 0.3396094839609484
0.12 2.762749445676275 0.3416083916083916
0.13 2.694013303769401 0.3434873949579832
0.14 2.6430155210643016 0.34605954465849387
0.15 2.587583148558758 0.3467741935483871
0.16 2.532150776053215 0.34829884251139953
0.17 2.507760532150776 0.35017543859649125
0.18 2.4722838137472283 0.35157894736842105
0.19 2.4412416851441243 0.35265191429574994
0.2 2.399113082039911 0.3546572934973638
0.21 2.361419068736142 0.35679099225897254
0.22 2.3215077605321506 0.3590285110876452
0.23 2.2904656319290466 0.3599859105318774
0.24 2.248337028824834 0.36071932299012693
0.25 2.2062084257206207 0.3617771509167842
0.26 2.1929046563192904 0.3625132368513943
0.27 2.164079822616408 0.3633474576271186
0.28 2.1330376940133036 0.3640536723163842
0.29 2.1108647450110865 0.3652419639703285
0.3 2.0953436807095343 0.36736135641116213
0.31 2.073170731707317 0.3684210526315789
0.32 2.0443458980044347 0.36938847649346057
0.33 1.9844789356984478 0.37013446567586694
0.34 1.957871396895787 0.3706591070163005
0.35 1.9290465631929046 0.37140830081589216
0.36 1.9157427937915743 0.3734469293574725
0.37 1.8891352549889135 0.3739346590909091
0.38 1.8780487804878048 0.37535511363636365
0.39 1.860310421286031 0.3775328830430146
0.4 1.835920177383592 0.3787339971550498
0.41 1.8137472283813747 0.3794452347083926
0.42 1.793791574279379 0.38029171113482746
0.43 1.7760532150776054 0.3807829181494662
0.44 1.7516629711751663 0.3811387900355872
0.45 1.7272727272727273 0.3816304734781061
0.46 1.7095343680709534 0.38305446778212887
0.47 1.6829268292682926 0.38354700854700857
0.48 1.671840354767184 0.38461538461538464
0.49 1.6607538802660753 0.3854649091556822
0.5 1.6496674057649667 0.3868665239114918
0.51 1.6274944567627494 0.38785714285714284
0.52 1.6031042128603104 0.3890675241157556
0.53 1.58980044345898 0.392128801431127
0.54 1.5787139689578713 0.39284436493738817
0.55 1.558758314855876 0.3938417472252059
0.56 1.5365853658536586 0.3945578231292517
0.57 1.516629711751663 0.3966320315299176
0.58 1.4944567627494456 0.39741750358680056
0.59 1.4811529933481153 0.3985637342908438
0.6 1.458980044345898 0.3995688106360043
0.61 1.4478935698447895 0.400431344356578
0.62 1.4301552106430155 0.401509705248023
0.63 1.4146341463414633 0.4029475197699497
0.64 1.394678492239468 0.4035971223021583
0.65 1.3725055432372506 0.4071942446043165
0.66 1.3569844789356984 0.4075539568345324
0.67 1.3259423503325942 0.41021950341849583
0.68 1.3037694013303769 0.4114470842332613
0.69 1.2838137472283815 0.4136069114470842
0.7 1.2682926829268293 0.4141159524666907
0.71 1.246119733924612 0.4146253602305475
0.72 1.2195121951219512 0.4161557879552831
0.73 1.2017738359201773 0.41723764875586006
0.74 1.188470066518847 0.41919191919191917
0.75 1.170731707317073 0.41985559566787006
0.76 1.146341463414634 0.42196531791907516
0.77 1.130820399113082 0.42304913294797686
0.78 1.124168514412417 0.4252167630057804
0.79 1.0909090909090908 0.4268160462594868
0.8 1.0731707317073171 0.4284164859002169
0.81 1.0443458980044347 0.43275488069414314
0.82 1.0221729490022173 0.43616636528028935
0.83 0.991130820399113 0.44014466546112113
0.84 0.9667405764966741 0.4431982633863965
0.85 0.9534368070953437 0.44641564083997104
0.86 0.9223946784922394 0.4504896626768226
0.87 0.8736141906873615 0.45738121146173377
0.88 0.8270509977827051 0.46388384754990925
0.89 0.802660753880266 0.470203488372093
0.9 0.7605321507760532 0.47709090909090907
0.91 0.7095343680709535 0.4861717612809316
0.92 0.6518847006651884 0.4936201239518775
0.93 0.5809312638580931 0.5073152889539136
0.94 0.5011086474501109 0.5236350311469403
0.95 0.4146341463414634 0.5428885630498533
0.96 0.3348115299334812 0.565919941241278
0.97 0.24168514412416853 0.6089837997054491
0.98 0.15521064301552107 0.6653151492812385
0.99 0.07982261640798226 0.7829944547134935
1.0 0.0 0.9992584352984798
