0.0 34.2090395480226 0.03309431880860452
0.01 5.751412429378531 0.13187902825979178
0.02 4.703389830508475 0.14278531925590748
0.03 4.18361581920904 0.1469098277608916
0.04 3.8192090395480225 0.14989837398373984
0.05 3.598870056497175 0.1525940996948118
0.06 3.440677966101695 0.1543555781966378
0.07 3.310734463276836 0.15757266700662928
0.08 3.1779661016949152 0.15926493108728942
0.09 3.0706214689265536 0.15985699693564862
0.1 2.9887005649717513 0.16120777891504606
0.11 2.8813559322033897 0.16205128205128205
0.12 2.7937853107344632 0.16427104722792607
0.13 2.7231638418079096 0.16632443531827515
0.14 2.6836158192090394 0.16743708269132
0.15 2.6129943502824857 0.1695786228160329
0.16 2.5677966101694913 0.17009249743062693
0.17 2.4858757062146895 0.17069408740359898
0.18 2.440677966101695 0.17069408740359898
0.19 2.389830508474576 0.1712082262210797
0.2 2.3587570621468927 0.1724137931034483
0.21 2.310734463276836 0.17447246525990737
0.22 2.268361581920904 0.17559217301750774
0.23 2.2457627118644066 0.17559217301750774
0.24 2.2062146892655368 0.17671303451828954
0.25 2.1779661016949152 0.17825862957238536
0.26 2.1412429378531073 0.1788659793814433
0.27 2.1129943502824857 0.17895822588963384
0.28 2.0847457627118646 0.17998968540484786
0.29 2.0508474576271185 0.18050541516245489
0.3 2.0141242937853105 0.18224057821373257
0.31 1.9830508474576272 0.18224057821373257
0.32 1.9576271186440677 0.18224057821373257
0.33 1.9293785310734464 0.18336776859504134
0.34 1.9152542372881356 0.184400826446281
0.35 1.9067796610169492 0.18543388429752067
0.36 1.884180790960452 0.18604651162790697
0.37 1.8559322033898304 0.18656330749354005
0.38 1.847457627118644 0.1875968992248062
0.39 1.807909604519774 0.18872802481902792
0.4 1.7768361581920904 0.18882565959648215
0.41 1.7627118644067796 0.18986032074495604
0.42 1.7457627118644068 0.19047619047619047
0.43 1.7203389830508475 0.19254658385093168
0.44 1.6977401129943503 0.19358178053830227
0.45 1.6807909604519775 0.19409937888198758
0.46 1.6581920903954803 0.19409937888198758
0.47 1.6327683615819208 0.1956521739130435
0.48 1.615819209039548 0.19668737060041408
0.49 1.5847457627118644 0.19824016563146998
0.5 1.573446327683616 0.19875776397515527
0.51 1.5564971751412429 0.20082815734989648
0.52 1.5423728813559323 0.20238095238095238
0.53 1.5169491525423728 0.2028985507246377
0.54 1.5084745762711864 0.2028985507246377
0.55 1.4915254237288136 0.20341614906832298
0.56 1.4717514124293785 0.20496894409937888
0.57 1.4519774011299436 0.20714655618850336
0.58 1.4378531073446328 0.20818228896944588
0.59 1.4096045197740112 0.2092180217503884
0.6 1.3926553672316384 0.21347150259067357
0.61 1.3700564971751412 0.21347150259067357
0.62 1.344632768361582 0.2155440414507772
0.63 1.3361581920903955 0.21761658031088082
0.64 1.3248587570621468 0.21980300673924313
0.65 1.310734463276836 0.22187662001036806
0.66 1.2937853107344632 0.22446863659927424
0.67 1.2881355932203389 0.22717842323651452
0.68 1.2768361581920904 0.22821576763485477
0.69 1.2570621468926553 0.2287344398340249
0.7 1.2231638418079096 0.22989102231447847
0.71 1.2062146892655368 0.23104880581516096
0.72 1.1864406779661016 0.23324675324675326
0.73 1.1723163841807909 0.23636363636363636
0.74 1.1497175141242937 0.2374025974025974
0.75 1.11864406779661 0.24
0.76 1.1016949152542372 0.24311688311688312
0.77 1.073446327683616 0.24415584415584415
0.78 1.0593220338983051 0.24935064935064935
0.79 1.0338983050847457 0.2531185031185031
0.8 1.0141242937853108 0.25571725571725573
0.81 0.9717514124293786 0.2598752598752599
0.82 0.940677966101695 0.26469058762350495
0.83 0.9067796610169492 0.27055150884495316
0.84 0.8813559322033898 0.27173347214992194
0.85 0.8531073446327684 0.2764185320145757
0.86 0.8305084745762712 0.2821447162935971
0.87 0.8050847457627118 0.2875
0.88 0.768361581920904 0.29635416666666664
0.89 0.7344632768361582 0.3098958333333333
0.9 0.7005649717514124 0.31875
0.91 0.6412429378531074 0.3296875
0.92 0.5988700564971752 0.3467153284671533
0.93 0.5536723163841808 0.36392075078206465
0.94 0.4858757062146893 0.38798955613577024
0.95 0.423728813559322 0.4135770234986945
0.96 0.3531073446327684 0.4535005224660397
0.97 0.2824858757062147 0.5133298484056456
0.98 0.17231638418079095 0.6168763102725366
0.99 0.0903954802259887 0.8069437138348238
1.0 0.0 1.0
