0.0 49.833333333333336 0.002997668480071056
0.001 14.225274725274724 0.057971014492753624
0.002 11.80952380952381 0.07641996557659209
0.003 10.750915750915752 0.0873472322070453
0.004 10.1007326007326 0.09426987060998152
0.005 9.671245421245422 0.10015117157974301
0.006 9.344322344322345 0.10722521137586472
0.007 9.043040293040294 0.11171875
0.008 8.812271062271062 0.11699604743083004
0.009 8.422161172161172 0.12368207623682076
0.01 8.422161172161172 0.12368207623682076
0.011 8.264652014652015 0.1266393442622951
0.012 8.128205128205128 0.13195876288659794
0.013 7.888278388278389 0.136609745939192
0.014 7.888278388278389 0.136609745939192
0.015 7.782051282051282 0.13914501257334452
0.016 7.684065934065934 0.13997477931904162
0.017 7.589743589743589 0.14135021097046413
0.018 7.460622710622711 0.1451063829787234
0.019 7.460622710622711 0.1451063829787234
0.02 7.385531135531136 0.14651858180264843
0.021 7.329670329670329 0.14848095849379547
0.022 7.2554945054945055 0.15015015015015015
0.023 7.183150183150183 0.1510574018126888
0.024 7.132783882783883 0.15221162185602774
0.025 7.066849816849817 0.15304347826086956
0.026 6.970695970695971 0.1559633027522936
0.027 6.970695970695971 0.1559633027522936
0.028 6.928571428571429 0.1569055944055944
0.029 6.875457875457876 0.15879265091863518
0.03 6.836080586080586 0.15994741454864153
0.031 6.793956043956044 0.16066725197541704
0.032 6.742673992673993 0.16234051913770348
0.033 6.70970695970696 0.16365240405822673
0.034 6.66941391941392 0.16467991169977925
0.035 6.621794871794871 0.1652673442333186
0.036 6.5476190476190474 0.16696191319751993
0.037 6.5476190476190474 0.16696191319751993
0.038 6.517399267399267 0.1673324456280515
0.039 6.483516483516484 0.1679253665037761
0.04 6.448717948717949 0.16934046345811052
0.041 6.416666666666667 0.17067736185383245
0.042 6.388278388278389 0.17142857142857143
0.043 6.325091575091575 0.1724910394265233
0.044 6.325091575091575 0.1724910394265233
0.045 6.298534798534798 0.1736983842010772
0.046 6.2765567765567765 0.17430368373764601
0.047 6.241758241758242 0.17491007194244604
0.048 6.217948717948718 0.17543859649122806
0.049 6.194139194139194 0.17583408476104598
0.05 6.170329670329671 0.1759927797833935
0.051 6.1300366300366305 0.17639077340569878
0.052 6.118131868131868 0.17708333333333334
0.053 6.118131868131868 0.17708333333333334
0.054 6.0989010989010985 0.17740471869328495
0.055 6.076007326007326 0.17810086324398
0.056 6.054945054945055 0.17933545744196633
0.057 6.031135531135531 0.1802007299270073
0.058 6.019230769230769 0.18065693430656934
0.059 5.993589743589744 0.18106995884773663
0.06 5.993589743589744 0.18106995884773663
0.061 5.9734432234432235 0.18206770356816102
0.062 5.95970695970696 0.18215102974828376
0.063 5.940476190476191 0.18223443223443223
0.064 5.923992673992674 0.18248509857863365
0.065 5.913003663003663 0.1829436038514443
0.066 5.895604395604396 0.1834862385321101
0.067 5.876373626373627 0.18365472910927455
0.068 5.858058608058608 0.18382352941176472
0.069 5.842490842490842 0.18399264029438822
0.07 5.829670329670329 0.1841620626151013
0.071 5.804945054945055 0.18571428571428572
0.072 5.782967032967033 0.18571428571428572
0.073 5.782967032967033 0.18571428571428572
0.074 5.7756410256410255 0.18571428571428572
0.075 5.763736263736264 0.1863468634686347
0.076 5.75 0.18790397045244692
0.077 5.733516483516484 0.1884526558891455
0.078 5.714285714285714 0.18862690707350901
0.079 5.697802197802198 0.18908922792417937
0.08 5.686813186813187 0.18917668825161887
0.081 5.672161172161172 0.1892642295233688
0.082 5.653846153846154 0.18943955534969895
0.083 5.635531135531136 0.18979118329466357
0.084 5.623626373626373 0.1902552204176334
0.085 5.6098901098901095 0.1903435468895079
0.086 5.58058608058608 0.19098513011152415
0.087 5.569597069597069 0.19144981412639406
0.088 5.569597069597069 0.19144981412639406
0.089 5.564102564102564 0.19200371920037193
0.09 5.553113553113553 0.19200371920037193
0.091 5.5476190476190474 0.19209302325581395
0.092 5.532051282051282 0.19227188081936686
0.093 5.521978021978022 0.1924510717614166
0.094 5.513736263736264 0.1924510717614166
0.095 5.500915750915751 0.19254079254079254
0.096 5.489010989010989 0.1935634328358209
0.097 5.476190476190476 0.19374416433239963
0.098 5.465201465201465 0.19439252336448598
0.099 5.45970695970696 0.19485981308411215
0.1 5.447802197802198 0.19513336452971455
0.101 5.436813186813187 0.19560131024801122
0.102 5.407509157509158 0.19606925596630792
0.103 5.4001831501831505 0.19616104868913858
0.104 5.393772893772894 0.19709737827715357
0.105 5.393772893772894 0.19709737827715357
0.106 5.383699633699634 0.1971896955503513
0.107 5.374542124542124 0.19728209934395502
0.108 5.362637362637362 0.19728209934395502
0.109 5.358058608058608 0.19728209934395502
0.11 5.353479853479853 0.19775070290534208
0.111 5.347069597069597 0.19887429643527205
0.112 5.335164835164835 0.199343339587242
0.113 5.3287545787545785 0.199812382739212
0.114 5.318681318681318 0.2
0.115 5.315018315018315 0.20046948356807512
0.116 5.302197802197802 0.20065789473684212
0.117 5.293956043956044 0.20065789473684212
0.118 5.27014652014652 0.2007522331922896
0.119 5.261904761904762 0.2012223789374706
0.12 5.261904761904762 0.2012223789374706
0.121 5.252747252747253 0.2013170272812794
0.122 5.246336996336996 0.2013170272812794
0.123 5.237179487179487 0.2013170272812794
0.124 5.233516483516484 0.20141176470588235
0.125 5.225274725274725 0.20141176470588235
0.126 5.220695970695971 0.2019774011299435
0.127 5.211538461538462 0.2019774011299435
0.128 5.208791208791209 0.20207253886010362
0.129 5.204212454212454 0.20216776625824695
0.13 5.195970695970696 0.2028301886792453
0.131 5.187728937728938 0.2028301886792453
0.132 5.180402930402931 0.20292590844738084
0.133 5.173992673992674 0.20292590844738084
0.134 5.164835164835165 0.20349386213408877
0.135 5.157509157509158 0.20349386213408877
0.136 5.1501831501831505 0.2035899858290033
0.137 5.143772893772894 0.20378250591016547
0.138 5.135531135531136 0.20387890255439925
0.139 5.130952380952381 0.20387890255439925
0.14 5.125457875457876 0.20454545454545456
0.141 5.106227106227106 0.20464234959734723
0.142 5.093406593406593 0.204739336492891
0.143 5.091575091575091 0.204739336492891
0.144 5.084249084249084 0.2052132701421801
0.145 5.084249084249084 0.2052132701421801
0.146 5.077838827838828 0.20568720379146918
0.147 5.069597069597069 0.20578473210052156
0.148 5.065018315018315 0.20625889046941678
0.149 5.062271062271062 0.20625889046941678
0.15 5.059523809523809 0.206733048838312
0.151 5.052197802197802 0.206733048838312
0.152 5.044871794871795 0.206733048838312
0.153 5.034798534798535 0.20683111954459202
0.154 5.027472527472527 0.2070275403608737
0.155 5.024725274725275 0.20712589073634205
0.156 5.021978021978022 0.20760095011876484
0.157 5.0155677655677655 0.20760095011876484
0.158 5.004578754578755 0.20760095011876484
0.159 4.997252747252747 0.20769961977186313
0.16 4.991758241758242 0.20817490494296578
0.161 4.988095238095238 0.20817490494296578
0.162 4.982600732600733 0.20817490494296578
0.163 4.977106227106227 0.20827389443651925
0.164 4.968864468864469 0.20827389443651925
0.165 4.964285714285714 0.20857142857142857
0.166 4.958791208791209 0.20857142857142857
0.167 4.957875457875458 0.20867079561696045
0.168 4.9532967032967035 0.20867079561696045
0.169 4.945054945054945 0.20914721295855168
0.17 4.943223443223443 0.20914721295855168
0.171 4.937728937728938 0.20914721295855168
0.172 4.92948717948718 0.20944656488549618
0.173 4.923076923076923 0.2096466093600764
0.174 4.916666666666667 0.20974677496416627
0.175 4.914835164835165 0.2098470363288719
0.176 4.914835164835165 0.2098470363288719
0.177 4.908424908424909 0.2098470363288719
0.178 4.903846153846154 0.2098470363288719
0.179 4.9010989010989015 0.21032504780114722
0.18 4.897435897435898 0.21042563366810138
0.181 4.892857142857143 0.21100478468899522
0.182 4.8901098901098905 0.21100478468899522
0.183 4.882783882783883 0.21100478468899522
0.184 4.877289377289378 0.21100478468899522
0.185 4.8708791208791204 0.21100478468899522
0.186 4.863553113553113 0.21100478468899522
0.187 4.8598901098901095 0.2115844901866922
0.188 4.854395604395604 0.2115844901866922
0.189 4.8498168498168495 0.2115844901866922
0.19 4.847069597069597 0.21168582375478928
0.191 4.844322344322344 0.21216475095785442
0.192 4.841575091575091 0.21216475095785442
0.193 4.837912087912088 0.21216475095785442
0.194 4.831501831501831 0.21216475095785442
0.195 4.825091575091575 0.21216475095785442
0.196 4.823260073260073 0.21226641111643507
0.197 4.82051282051282 0.21226641111643507
0.198 4.816849816849817 0.21226641111643507
0.199 4.811355311355311 0.21236816874400766
0.2 4.809523809523809 0.21236816874400766
0.201 4.806776556776557 0.21236816874400766
0.202 4.803113553113553 0.21247002398081535
0.203 4.7967032967032965 0.21257197696737043
0.204 4.79029304029304 0.21257197696737043
0.205 4.782967032967033 0.21353166986564298
0.206 4.779304029304029 0.21353166986564298
0.207 4.7765567765567765 0.21363418146903504
0.208 4.773809523809524 0.2137367915465898
0.209 4.773809523809524 0.2137367915465898
0.21 4.766483516483516 0.2138395002402691
0.211 4.761904761904762 0.2138395002402691
0.212 4.760989010989011 0.2138395002402691
0.213 4.758241758241758 0.2144230769230769
0.214 4.750915750915751 0.21452621452621454
0.215 4.742673992673993 0.21452621452621454
0.216 4.741758241758242 0.21452621452621454
0.217 4.7344322344322345 0.21452621452621454
0.218 4.72985347985348 0.21452621452621454
0.219 4.7243589743589745 0.21462945139557266
0.22 4.7234432234432235 0.21462945139557266
0.221 4.71978021978022 0.21462945139557266
0.222 4.716117216117216 0.21462945139557266
0.223 4.7133699633699635 0.21483622350674375
0.224 4.712454212454213 0.21483622350674375
0.225 4.7023809523809526 0.21542168674698794
0.226 4.700549450549451 0.21542168674698794
0.227 4.696886446886447 0.21542168674698794
0.228 4.693223443223443 0.21562952243125905
0.229 4.688644688644689 0.21562952243125905
0.23 4.685897435897436 0.21562952243125905
0.231 4.67948717948718 0.21573359073359075
0.232 4.676739926739927 0.21573359073359075
0.233 4.673992673992674 0.21621621621621623
0.234 4.672161172161172 0.21632061805890873
0.235 4.658424908424909 0.21680347658136165
0.236 4.656593406593407 0.21680347658136165
0.237 4.654761904761905 0.21690821256038648
0.238 4.652014652014652 0.21739130434782608
0.239 4.6501831501831505 0.21749637506041566
0.24 4.6501831501831505 0.21749637506041566
0.241 4.644688644688645 0.21749637506041566
0.242 4.63919413919414 0.2179797003383277
0.243 4.630952380952381 0.21808510638297873
0.244 4.626373626373627 0.21808510638297873
0.245 4.624542124542124 0.21808510638297873
0.246 4.623626373626373 0.218568665377176
0.247 4.622710622710622 0.2190522243713733
0.248 4.6199633699633695 0.2190522243713733
0.249 4.614468864468864 0.2190522243713733
0.25 4.611721611721611 0.2190522243713733
0.251 4.6098901098901095 0.21915820029027577
0.252 4.607142857142857 0.21926427879961277
0.253 4.604395604395604 0.2194767441860465
0.254 4.601648351648351 0.2194767441860465
0.255 4.5989010989010985 0.21968962172647916
0.256 4.597069597069597 0.21968962172647916
0.257 4.595238095238095 0.21968962172647916
0.258 4.593406593406593 0.2197962154294032
0.259 4.59065934065934 0.2197962154294032
0.26 4.584249084249084 0.21990291262135922
0.261 4.58058608058608 0.21990291262135922
0.262 4.571428571428571 0.21990291262135922
0.263 4.565934065934066 0.22049538610976202
0.264 4.565018315018315 0.2206025267249757
0.265 4.558608058608058 0.2206025267249757
0.266 4.553113553113553 0.2206025267249757
0.267 4.551282051282051 0.2206025267249757
0.268 4.548534798534798 0.2206025267249757
0.269 4.548534798534798 0.2206025267249757
0.27 4.545787545787546 0.2206025267249757
0.271 4.541208791208791 0.2206025267249757
0.272 4.538461538461538 0.2206025267249757
0.273 4.534798534798535 0.2206025267249757
0.274 4.532051282051282 0.2206025267249757
0.275 4.53021978021978 0.2206025267249757
0.276 4.5265567765567765 0.2206025267249757
0.277 4.524725274725275 0.2206025267249757
0.278 4.521062271062271 0.22070977151191054
0.279 4.519230769230769 0.22081712062256809
0.28 4.5155677655677655 0.22130350194552528
0.281 4.512820512820513 0.22130350194552528
0.282 4.501831501831502 0.22151898734177214
0.283 4.499084249084249 0.22151898734177214
0.284 4.493589743589744 0.22151898734177214
0.285 4.490842490842491 0.22151898734177214
0.286 4.489010989010989 0.22151898734177214
0.287 4.486263736263736 0.22162688748173404
0.288 4.483516483516484 0.22162688748173404
0.289 4.483516483516484 0.22162688748173404
0.29 4.477106227106227 0.22162688748173404
0.291 4.472527472527473 0.22162688748173404
0.292 4.470695970695971 0.22173489278752437
0.293 4.470695970695971 0.22173489278752437
0.294 4.470695970695971 0.22173489278752437
0.295 4.467032967032967 0.2222222222222222
0.296 4.464285714285714 0.2222222222222222
0.297 4.45970695970696 0.22233057045343735
0.298 4.456959706959707 0.22233057045343735
0.299 4.456043956043956 0.22233057045343735
0.3 4.4532967032967035 0.22233057045343735
0.301 4.451465201465202 0.2224390243902439
0.302 4.4496336996337 0.2225475841874085
0.303 4.445054945054945 0.22276502198339032
0.304 4.443223443223443 0.22276502198339032
0.305 4.43956043956044 0.22276502198339032
0.306 4.437728937728938 0.22287390029325513
0.307 4.4322344322344325 0.22298288508557457
0.308 4.4322344322344325 0.22309197651663404
0.309 4.427655677655678 0.22320117474302498
0.31 4.425824175824176 0.22320117474302498
0.311 4.425824175824176 0.22320117474302498
0.312 4.423076923076923 0.22320117474302498
0.313 4.420329670329671 0.22331047992164543
0.314 4.417582417582418 0.22331047992164543
0.315 4.416666666666667 0.22331047992164543
0.316 4.414835164835165 0.22331047992164543
0.317 4.4111721611721615 0.22331047992164543
0.318 4.407509157509158 0.22331047992164543
0.319 4.404761904761905 0.22331047992164543
0.32 4.402930402930403 0.22341989220970113
0.321 4.4001831501831505 0.22341989220970113
0.322 4.396520146520147 0.22341989220970113
0.323 4.396520146520147 0.22341989220970113
0.324 4.395604395604396 0.22341989220970113
0.325 4.393772893772894 0.22341989220970113
0.326 4.391025641025641 0.22341989220970113
0.327 4.38919413919414 0.22341989220970113
0.328 4.387362637362638 0.22341989220970113
0.329 4.383699633699634 0.2235294117647059
0.33 4.378205128205129 0.22401960784313726
0.331 4.373626373626373 0.22412947523295734
0.332 4.372710622710622 0.22412947523295734
0.333 4.3708791208791204 0.22412947523295734
0.334 4.366300366300366 0.22412947523295734
0.335 4.364468864468864 0.22412947523295734
0.336 4.36080586080586 0.22423945044160942
0.337 4.356227106227106 0.22423945044160942
0.338 4.351648351648351 0.22423945044160942
0.339 4.351648351648351 0.22473012757605496
0.34 4.3489010989010985 0.22484045164457536
0.341 4.346153846153846 0.22484045164457536
0.342 4.343406593406593 0.22484045164457536
0.343 4.343406593406593 0.22484045164457536
0.344 4.336080586080586 0.224950884086444
0.345 4.332417582417582 0.224950884086444
0.346 4.325091575091575 0.224950884086444
0.347 4.323260073260073 0.224950884086444
0.348 4.321428571428571 0.224950884086444
0.349 4.319597069597069 0.224950884086444
0.35 4.316849816849817 0.224950884086444
0.351 4.315018315018315 0.224950884086444
0.352 4.315018315018315 0.224950884086444
0.353 4.314102564102564 0.22506142506142507
0.354 4.313186813186813 0.22506142506142507
0.355 4.311355311355311 0.22506142506142507
0.356 4.3076923076923075 0.22506142506142507
0.357 4.304029304029304 0.22506142506142507
0.358 4.3003663003663 0.22506142506142507
0.359 4.2967032967032965 0.22506142506142507
0.36 4.293956043956044 0.22506142506142507
0.361 4.29029304029304 0.22555282555282555
0.362 4.288461538461538 0.22555282555282555
0.363 4.288461538461538 0.22555282555282555
0.364 4.287545787545787 0.22555282555282555
0.365 4.287545787545787 0.22555282555282555
0.366 4.282051282051282 0.22555282555282555
0.367 4.279304029304029 0.22555282555282555
0.368 4.274725274725275 0.22555282555282555
0.369 4.271062271062271 0.22555282555282555
0.37 4.269230769230769 0.22555282555282555
0.371 4.2655677655677655 0.22555282555282555
0.372 4.2655677655677655 0.22555282555282555
0.373 4.263736263736264 0.22555282555282555
0.374 4.260989010989011 0.22566371681415928
0.375 4.260989010989011 0.22577471716674866
0.376 4.259157509157509 0.22588582677165353
0.377 4.257326007326007 0.2263779527559055
0.378 4.256410256410256 0.2263779527559055
0.379 4.2554945054945055 0.2263779527559055
0.38 4.250915750915751 0.2263779527559055
0.381 4.249084249084249 0.2263779527559055
0.382 4.246336996336996 0.2263779527559055
0.383 4.243589743589744 0.2263779527559055
0.384 4.23992673992674 0.2263779527559055
0.385 4.236263736263736 0.2263779527559055
0.386 4.230769230769231 0.2268700787401575
0.387 4.228937728937729 0.2268700787401575
0.388 4.226190476190476 0.22698178237321517
0.389 4.222527472527473 0.2270935960591133
0.39 4.221611721611722 0.2270935960591133
0.391 4.218864468864469 0.2270935960591133
0.392 4.217948717948718 0.2272055199605717
0.393 4.214285714285714 0.2272055199605717
0.394 4.212454212454213 0.22731755424063116
0.395 4.208791208791209 0.22731755424063116
0.396 4.205128205128205 0.22731755424063116
0.397 4.198717948717949 0.22781065088757396
0.398 4.195054945054945 0.227923038973853
0.399 4.193223443223443 0.227923038973853
0.4 4.193223443223443 0.227923038973853
0.401 4.188644688644689 0.2284163788850518
0.402 4.183150183150183 0.2284163788850518
0.403 4.1822344322344325 0.22852912142152024
0.404 4.180402930402931 0.22852912142152024
0.405 4.174908424908425 0.22852912142152024
0.406 4.172161172161172 0.22852912142152024
0.407 4.166666666666667 0.22852912142152024
0.408 4.163003663003663 0.22852912142152024
0.409 4.15934065934066 0.22852912142152024
0.41 4.156593406593407 0.22852912142152024
0.411 4.154761904761905 0.22852912142152024
0.412 4.1501831501831505 0.2291358024691358
0.413 4.147435897435898 0.2291358024691358
0.414 4.144688644688645 0.2291358024691358
0.415 4.143772893772894 0.2291358024691358
0.416 4.138278388278389 0.22962962962962963
0.417 4.138278388278389 0.22962962962962963
0.418 4.136446886446887 0.22962962962962963
0.419 4.131868131868132 0.22962962962962963
0.42 4.1300366300366305 0.23061728395061729
0.421 4.1291208791208796 0.23061728395061729
0.422 4.127289377289378 0.23061728395061729
0.423 4.124542124542124 0.23061728395061729
0.424 4.122710622710622 0.23061728395061729
0.425 4.1208791208791204 0.23061728395061729
0.426 4.119047619047619 0.23061728395061729
0.427 4.118131868131868 0.2311111111111111
0.428 4.116300366300366 0.2311111111111111
0.429 4.115384615384615 0.2311111111111111
0.43 4.113553113553113 0.2311111111111111
0.431 4.108974358974359 0.23160493827160494
0.432 4.106227106227106 0.2317193675889328
0.433 4.103479853479853 0.2317193675889328
0.434 4.103479853479853 0.2317193675889328
0.435 4.101648351648351 0.2317193675889328
0.436 4.0998168498168495 0.2317193675889328
0.437 4.0989010989010985 0.2317193675889328
0.438 4.097069597069597 0.2317193675889328
0.439 4.095238095238095 0.2317193675889328
0.44 4.092490842490842 0.2317193675889328
0.441 4.089743589743589 0.2317193675889328
0.442 4.086996336996337 0.23183391003460208
0.443 4.085164835164835 0.23183391003460208
0.444 4.084249084249084 0.23183391003460208
0.445 4.082417582417582 0.23194856577645895
0.446 4.079670329670329 0.2321782178217822
0.447 4.075091575091575 0.2321782178217822
0.448 4.073260073260073 0.2321782178217822
0.449 4.07051282051282 0.2321782178217822
0.45 4.069597069597069 0.2321782178217822
0.451 4.0677655677655675 0.2321782178217822
0.452 4.063186813186813 0.2321782178217822
0.453 4.059523809523809 0.2321782178217822
0.454 4.054029304029304 0.2321782178217822
0.455 4.051282051282051 0.2321782178217822
0.456 4.051282051282051 0.2321782178217822
0.457 4.0503663003663 0.2321782178217822
0.458 4.048534798534798 0.2321782178217822
0.459 4.0467032967032965 0.2321782178217822
0.46 4.045787545787546 0.23229321446260526
0.461 4.043040293040293 0.23229321446260526
0.462 4.042124542124542 0.23229321446260526
0.463 4.04029304029304 0.23229321446260526
0.464 4.039377289377289 0.23278850916295196
0.465 4.034798534798535 0.23278850916295196
0.466 4.033882783882784 0.23278850916295196
0.467 4.032967032967033 0.23278850916295196
0.468 4.03021978021978 0.23278850916295196
0.469 4.028388278388278 0.23278850916295196
0.47 4.024725274725275 0.23278850916295196
0.471 4.022893772893773 0.23278850916295196
0.472 4.02014652014652 0.23278850916295196
0.473 4.02014652014652 0.23278850916295196
0.474 4.017399267399267 0.23290386521308226
0.475 4.014652014652015 0.23290386521308226
0.476 4.013736263736264 0.2330193356470005
0.477 4.012820512820513 0.23313492063492064
0.478 4.008241758241758 0.23313492063492064
0.479 4.0054945054945055 0.23313492063492064
0.48 4.0054945054945055 0.23313492063492064
0.481 4.004578754578755 0.23313492063492064
0.482 4.000915750915751 0.23313492063492064
0.483 3.9963369963369964 0.23313492063492064
0.484 3.9926739926739927 0.23313492063492064
0.485 3.990842490842491 0.23313492063492064
0.486 3.988095238095238 0.23313492063492064
0.487 3.9862637362637363 0.23313492063492064
0.488 3.9835164835164836 0.23313492063492064
0.489 3.9835164835164836 0.23313492063492064
0.49 3.9826007326007327 0.23325062034739455
0.491 3.97985347985348 0.23325062034739455
0.492 3.977106227106227 0.23325062034739455
0.493 3.9752747252747254 0.23325062034739455
0.494 3.9716117216117217 0.23325062034739455
0.495 3.96978021978022 0.23325062034739455
0.496 3.967948717948718 0.2337468982630273
0.497 3.9661172161172162 0.2337468982630273
0.498 3.9633699633699635 0.2337468982630273
0.499 3.9606227106227108 0.23424317617866006
0.5 3.95970695970696 0.23424317617866006
0.501 3.956959706959707 0.2347394540942928
0.502 3.9551282051282053 0.23485600794438927
0.503 3.9542124542124544 0.23485600794438927
0.504 3.9523809523809526 0.23485600794438927
0.505 3.948717948717949 0.23485600794438927
0.506 3.946886446886447 0.23485600794438927
0.507 3.9450549450549453 0.23485600794438927
0.508 3.9441391941391943 0.23485600794438927
0.509 3.9441391941391943 0.23485600794438927
0.51 3.9423076923076925 0.23485600794438927
0.511 3.9423076923076925 0.23497267759562843
0.512 3.9395604395604398 0.23508946322067595
0.513 3.9368131868131866 0.23508946322067595
0.514 3.9349816849816848 0.2355864811133201
0.515 3.933150183150183 0.2355864811133201
0.516 3.931318681318681 0.2355864811133201
0.517 3.9285714285714284 0.2355864811133201
0.518 3.9267399267399266 0.23582089552238805
0.519 3.921245421245421 0.23582089552238805
0.52 3.9184981684981683 0.23582089552238805
0.521 3.9166666666666665 0.23593827775012444
0.522 3.913919413919414 0.2360557768924303
0.523 3.9075091575091574 0.2360557768924303
0.524 3.9038461538461537 0.2360557768924303
0.525 3.901098901098901 0.2360557768924303
0.526 3.901098901098901 0.23655378486055778
0.527 3.8974358974358974 0.23655378486055778
0.528 3.8965201465201464 0.23655378486055778
0.529 3.8956043956043955 0.23655378486055778
0.53 3.8937728937728937 0.23655378486055778
0.531 3.889194139194139 0.23655378486055778
0.532 3.8873626373626373 0.23655378486055778
0.533 3.8873626373626373 0.23655378486055778
0.534 3.8836996336996337 0.23655378486055778
0.535 3.8827838827838828 0.23655378486055778
0.536 3.881868131868132 0.23655378486055778
0.537 3.878205128205128 0.23655378486055778
0.538 3.8763736263736264 0.23655378486055778
0.539 3.8754578754578755 0.23655378486055778
0.54 3.8754578754578755 0.23655378486055778
0.541 3.8736263736263736 0.23667164922770303
0.542 3.86996336996337 0.23667164922770303
0.543 3.8672161172161172 0.23667164922770303
0.544 3.8635531135531136 0.23667164922770303
0.545 3.8635531135531136 0.23667164922770303
0.546 3.8617216117216118 0.23667164922770303
0.547 3.85989010989011 0.23667164922770303
0.548 3.858974358974359 0.23667164922770303
0.549 3.8562271062271063 0.23667164922770303
0.55 3.8543956043956045 0.2371699053313403
0.551 3.8543956043956045 0.2371699053313403
0.552 3.850732600732601 0.2371699053313403
0.553 3.847069597069597 0.2371699053313403
0.554 3.8452380952380953 0.2371699053313403
0.555 3.8424908424908426 0.2371699053313403
0.556 3.8415750915750917 0.2371699053313403
0.557 3.8415750915750917 0.2371699053313403
0.558 3.8415750915750917 0.2371699053313403
0.559 3.83974358974359 0.2371699053313403
0.56 3.8351648351648353 0.2371699053313403
0.561 3.8333333333333335 0.2371699053313403
0.562 3.8315018315018317 0.2371699053313403
0.563 3.826007326007326 0.2371699053313403
0.564 3.8232600732600734 0.23766816143497757
0.565 3.8223443223443225 0.23766816143497757
0.566 3.81959706959707 0.23766816143497757
0.567 3.817765567765568 0.23766816143497757
0.568 3.8131868131868134 0.23766816143497757
0.569 3.8067765567765566 0.23816641753861484
0.57 3.8058608058608057 0.23816641753861484
0.571 3.804029304029304 0.23816641753861484
0.572 3.801282051282051 0.2382851445663011
0.573 3.801282051282051 0.2382851445663011
0.574 3.7994505494505493 0.2382851445663011
0.575 3.7967032967032965 0.2382851445663011
0.576 3.793956043956044 0.2382851445663011
0.577 3.793956043956044 0.2382851445663011
0.578 3.7893772893772892 0.23878364905284147
0.579 3.7875457875457874 0.23878364905284147
0.58 3.782967032967033 0.23890274314214463
0.581 3.78021978021978 0.23890274314214463
0.582 3.772893772893773 0.23890274314214463
0.583 3.771978021978022 0.23890274314214463
0.584 3.7673992673992673 0.23952095808383234
0.585 3.7628205128205128 0.24001996007984033
0.586 3.76007326007326 0.24001996007984033
0.587 3.759157509157509 0.2405189620758483
0.588 3.7545787545787546 0.2405189620758483
0.589 3.750915750915751 0.2405189620758483
0.59 3.75 0.2405189620758483
0.591 3.748168498168498 0.2405189620758483
0.592 3.7435897435897436 0.24113829256115826
0.593 3.740842490842491 0.24113829256115826
0.594 3.739010989010989 0.2416375436844733
0.595 3.7353479853479854 0.2416375436844733
0.596 3.7353479853479854 0.2416375436844733
0.597 3.7344322344322345 0.2416375436844733
0.598 3.728937728937729 0.2416375436844733
0.599 3.727106227106227 0.2416375436844733
0.6 3.7243589743589745 0.2416375436844733
0.601 3.7225274725274726 0.2416375436844733
0.602 3.718864468864469 0.2416375436844733
0.603 3.7142857142857144 0.2416375436844733
0.604 3.7124542124542126 0.2416375436844733
0.605 3.7106227106227108 0.2416375436844733
0.606 3.707875457875458 0.2416375436844733
0.607 3.7051282051282053 0.2416375436844733
0.608 3.7032967032967035 0.24213679480778832
0.609 3.7023809523809526 0.24225774225774227
0.61 3.7005494505494507 0.24275724275724275
0.611 3.6996336996337 0.24275724275724275
0.612 3.696886446886447 0.24275724275724275
0.613 3.6941391941391943 0.24287856071964017
0.614 3.6932234432234434 0.24287856071964017
0.615 3.688644688644689 0.24287856071964017
0.616 3.6849816849816848 0.24287856071964017
0.617 3.6849816849816848 0.24287856071964017
0.618 3.682234432234432 0.24287856071964017
0.619 3.6785714285714284 0.243
0.62 3.6767399267399266 0.243
0.621 3.6749084249084247 0.243
0.622 3.673076923076923 0.24312156078039018
0.623 3.672161172161172 0.24312156078039018
0.624 3.671245421245421 0.24324324324324326
0.625 3.6666666666666665 0.24324324324324326
0.626 3.6666666666666665 0.24324324324324326
0.627 3.6657509157509156 0.24336504757135705
0.628 3.663003663003663 0.24386579869804706
0.629 3.661172161172161 0.2443665498247371
0.63 3.6584249084249083 0.2443665498247371
0.631 3.6565934065934065 0.2443665498247371
0.632 3.6556776556776556 0.2443665498247371
0.633 3.6538461538461537 0.24486730095142714
0.634 3.6538461538461537 0.24486730095142714
0.635 3.651098901098901 0.24486730095142714
0.636 3.65018315018315 0.24498997995991983
0.637 3.6483516483516483 0.24498997995991983
0.638 3.6446886446886446 0.24498997995991983
0.639 3.642857142857143 0.24498997995991983
0.64 3.641941391941392 0.24498997995991983
0.641 3.639194139194139 0.24498997995991983
0.642 3.6364468864468864 0.24498997995991983
0.643 3.6355311355311355 0.24498997995991983
0.644 3.63003663003663 0.24498997995991983
0.645 3.629120879120879 0.24498997995991983
0.646 3.6245421245421245 0.24498997995991983
0.647 3.620879120879121 0.24498997995991983
0.648 3.618131868131868 0.24498997995991983
0.649 3.6153846153846154 0.24498997995991983
0.65 3.6126373626373627 0.24498997995991983
0.651 3.60989010989011 0.24498997995991983
0.652 3.608974358974359 0.24498997995991983
0.653 3.607142857142857 0.24511278195488723
0.654 3.6053113553113554 0.24511278195488723
0.655 3.6016483516483517 0.24511278195488723
0.656 3.600732600732601 0.24523570712136408
0.657 3.598901098901099 0.24523570712136408
0.658 3.597985347985348 0.24523570712136408
0.659 3.5961538461538463 0.24523570712136408
0.66 3.5915750915750917 0.24523570712136408
0.661 3.588827838827839 0.24523570712136408
0.662 3.586996336996337 0.24523570712136408
0.663 3.586996336996337 0.24523570712136408
0.664 3.586080586080586 0.24573721163490472
0.665 3.5824175824175826 0.24573721163490472
0.666 3.5805860805860807 0.24573721163490472
0.667 3.578754578754579 0.24573721163490472
0.668 3.577838827838828 0.24573721163490472
0.669 3.5750915750915753 0.24586051179126944
0.67 3.5714285714285716 0.24586051179126944
0.671 3.565934065934066 0.24586051179126944
0.672 3.5650183150183152 0.24586051179126944
0.673 3.5604395604395602 0.24636226793778224
0.674 3.5586080586080584 0.24636226793778224
0.675 3.5567765567765566 0.24636226793778224
0.676 3.552197802197802 0.24636226793778224
0.677 3.5494505494505493 0.24636226793778224
0.678 3.5494505494505493 0.2464859437751004
0.679 3.5467032967032965 0.2464859437751004
0.68 3.543040293040293 0.2464859437751004
0.681 3.5384615384615383 0.2464859437751004
0.682 3.5366300366300365 0.2466097438473129
0.683 3.531135531135531 0.2466097438473129
0.684 3.53021978021978 0.24673366834170854
0.685 3.529304029304029 0.24723618090452262
0.686 3.5274725274725274 0.24723618090452262
0.687 3.5265567765567765 0.2473604826546003
0.688 3.521978021978022 0.24786324786324787
0.689 3.52014652014652 0.24836601307189543
0.69 3.5164835164835164 0.24836601307189543
0.691 3.5137362637362637 0.24836601307189543
0.692 3.508241758241758 0.24836601307189543
0.693 3.5064102564102564 0.24836601307189543
0.694 3.5045787545787546 0.24836601307189543
0.695 3.4972527472527473 0.24836601307189543
0.696 3.4935897435897436 0.24836601307189543
0.697 3.491758241758242 0.24836601307189543
0.698 3.48992673992674 0.24836601307189543
0.699 3.488095238095238 0.24836601307189543
0.7 3.4862637362637363 0.248868778280543
0.701 3.4826007326007327 0.248868778280543
0.702 3.478937728937729 0.248868778280543
0.703 3.478021978021978 0.248868778280543
0.704 3.478021978021978 0.248868778280543
0.705 3.4752747252747254 0.248868778280543
0.706 3.470695970695971 0.248868778280543
0.707 3.467948717948718 0.25
0.708 3.4642857142857144 0.25
0.709 3.4624542124542126 0.25
0.71 3.457875457875458 0.25012581781580273
0.711 3.456043956043956 0.25012581781580273
0.712 3.4542124542124544 0.25012581781580273
0.713 3.4532967032967035 0.2502517623363545
0.714 3.4514652014652016 0.2502517623363545
0.715 3.446886446886447 0.2502517623363545
0.716 3.4450549450549453 0.2502517623363545
0.717 3.4404761904761907 0.25075528700906347
0.718 3.434065934065934 0.25075528700906347
0.719 3.4285714285714284 0.2508816120906801
0.72 3.4276556776556775 0.2508816120906801
0.721 3.4249084249084247 0.25138539042821156
0.722 3.4194139194139193 0.25138539042821156
0.723 3.4157509157509156 0.2518891687657431
0.724 3.412087912087912 0.25252016129032256
0.725 3.41025641025641 0.25252016129032256
0.726 3.4084249084249083 0.2530241935483871
0.727 3.4065934065934065 0.2530241935483871
0.728 3.402930402930403 0.25315179021684314
0.729 3.402014652014652 0.25315179021684314
0.73 3.3946886446886446 0.25315179021684314
0.731 3.391941391941392 0.25315179021684314
0.732 3.3882783882783882 0.25315179021684314
0.733 3.380952380952381 0.25315179021684314
0.734 3.3745421245421245 0.25315179021684314
0.735 3.36996336996337 0.25315179021684314
0.736 3.3653846153846154 0.2532795156407669
0.737 3.3626373626373627 0.2532795156407669
0.738 3.358058608058608 0.2532795156407669
0.739 3.3543956043956045 0.2532795156407669
0.74 3.347985347985348 0.2532795156407669
0.741 3.3415750915750917 0.2532795156407669
0.742 3.3333333333333335 0.2532795156407669
0.743 3.328754578754579 0.2532795156407669
0.744 3.327838827838828 0.2532795156407669
0.745 3.327838827838828 0.2532795156407669
0.746 3.3241758241758244 0.2532795156407669
0.747 3.3214285714285716 0.2532795156407669
0.748 3.317765567765568 0.2537840565085772
0.749 3.3131868131868134 0.2537840565085772
0.75 3.311355311355311 0.25391216557294294
0.751 3.3095238095238093 0.25391216557294294
0.752 3.3086080586080584 0.254416961130742
0.753 3.304029304029304 0.25492175668854117
0.754 3.303113553113553 0.25492175668854117
0.755 3.2985347985347984 0.25492175668854117
0.756 3.2967032967032965 0.25542655224634025
0.757 3.293040293040293 0.25593134780413934
0.758 3.2884615384615383 0.25593134780413934
0.759 3.2866300366300365 0.25593134780413934
0.76 3.2838827838827838 0.25593134780413934
0.761 3.281135531135531 0.25606060606060604
0.762 3.28021978021978 0.25656565656565655
0.763 3.2783882783882783 0.25656565656565655
0.764 3.2738095238095237 0.25757575757575757
0.765 3.271978021978022 0.2580808080808081
0.766 3.269230769230769 0.2580808080808081
0.767 3.2655677655677655 0.2580808080808081
0.768 3.2637362637362637 0.258211217786761
0.769 3.26007326007326 0.2583417593528817
0.77 3.259157509157509 0.25847243297926153
0.771 3.2554945054945055 0.25847243297926153
0.772 3.2536630036630036 0.25847243297926153
0.773 3.25 0.2589782498735458
0.774 3.2463369963369964 0.2589782498735458
0.775 3.2445054945054945 0.2589782498735458
0.776 3.241758241758242 0.2589782498735458
0.777 3.239010989010989 0.2589782498735458
0.778 3.2353479853479854 0.2589782498735458
0.779 3.2326007326007327 0.2589782498735458
0.78 3.22985347985348 0.2589782498735458
0.781 3.2252747252747254 0.2589782498735458
0.782 3.2225274725274726 0.2589782498735458
0.783 3.21978021978022 0.2591093117408907
0.784 3.2152014652014653 0.25924050632911394
0.785 3.20970695970696 0.25924050632911394
0.786 3.2051282051282053 0.25937183383991896
0.787 3.198717948717949 0.25937183383991896
0.788 3.1932234432234434 0.25937183383991896
0.789 3.188644688644689 0.25950329447541814
0.79 3.1849816849816848 0.26001013684744045
0.791 3.182234432234432 0.26051697921946276
0.792 3.1785714285714284 0.26051697921946276
0.793 3.1767399267399266 0.2606490872210953
0.794 3.172161172161172 0.2606490872210953
0.795 3.1694139194139193 0.2610462163534789
0.796 3.1666666666666665 0.2610462163534789
0.797 3.162087912087912 0.2615540883697308
0.798 3.1556776556776556 0.2615540883697308
0.799 3.1538461538461537 0.2615540883697308
0.8 3.1483516483516483 0.2615540883697308
0.801 3.142857142857143 0.2615540883697308
0.802 3.141941391941392 0.26206196038598273
0.803 3.139194139194139 0.26256983240223464
0.804 3.1346153846153846 0.2627032520325203
0.805 3.1254578754578755 0.26310432569974557
0.806 3.1227106227106227 0.26310432569974557
0.807 3.118131868131868 0.2637474541751528
0.808 3.1153846153846154 0.2637474541751528
0.809 3.1117216117216118 0.26425661914460286
0.81 3.107142857142857 0.26425661914460286
0.811 3.1034798534798536 0.2643912379011717
0.812 3.0961538461538463 0.2643912379011717
0.813 3.086996336996337 0.26452599388379205
0.814 3.0815018315018317 0.2650356778797146
0.815 3.07967032967033 0.26568077511473737
0.816 3.06959706959707 0.2661907190209077
0.817 3.0650183150183152 0.2661907190209077
0.818 3.0595238095238093 0.2661907190209077
0.819 3.052197802197802 0.2673469387755102
0.82 3.0467032967032965 0.2674834099030117
0.821 3.0448717948717947 0.2674834099030117
0.822 3.04029304029304 0.2679938744257274
0.823 3.0338827838827838 0.26813074565883555
0.824 3.0283882783882783 0.2682677567705672
0.825 3.0238095238095237 0.2682677567705672
0.826 3.02014652014652 0.2682677567705672
0.827 3.0173992673992673 0.2687787429739397
0.828 3.010989010989011 0.2687787429739397
0.829 3.0027472527472527 0.2687787429739397
0.83 2.9954212454212454 0.2687787429739397
0.831 2.9926739926739927 0.2687787429739397
0.832 2.989010989010989 0.2687787429739397
0.833 2.989010989010989 0.2687787429739397
0.834 2.9844322344322345 0.2692897291773122
0.835 2.9816849816849818 0.2692897291773122
0.836 2.978937728937729 0.2692897291773122
0.837 2.9761904761904763 0.26942740286298567
0.838 2.9734432234432235 0.26942740286298567
0.839 2.970695970695971 0.26993865030674846
0.84 2.9661172161172162 0.26993865030674846
0.841 2.9624542124542126 0.26993865030674846
0.842 2.956959706959707 0.26993865030674846
0.843 2.9551282051282053 0.26993865030674846
0.844 2.9542124542124544 0.270076726342711
0.845 2.9523809523809526 0.27072671443193447
0.846 2.948717948717949 0.2712384851586489
0.847 2.9423076923076925 0.2712384851586489
0.848 2.937728937728938 0.2712384851586489
0.849 2.9349816849816848 0.2712384851586489
0.85 2.9285714285714284 0.2712384851586489
0.851 2.923992673992674 0.27151639344262296
0.852 2.9194139194139193 0.27151639344262296
0.853 2.9157509157509156 0.27202868852459017
0.854 2.911172161172161 0.27268067657611483
0.855 2.9056776556776556 0.27282051282051284
0.856 2.902014652014652 0.27361396303901436
0.857 2.8946886446886446 0.27426810477657937
0.858 2.889194139194139 0.27426810477657937
0.859 2.8836996336996337 0.27426810477657937
0.86 2.880952380952381 0.27426810477657937
0.861 2.880952380952381 0.27426810477657937
0.862 2.871794871794872 0.27426810477657937
0.863 2.869047619047619 0.27426810477657937
0.864 2.8626373626373627 0.27426810477657937
0.865 2.860805860805861 0.27478171545968155
0.866 2.8534798534798536 0.27478171545968155
0.867 2.848901098901099 0.27478171545968155
0.868 2.840659340659341 0.2752057613168724
0.869 2.8351648351648353 0.2752057613168724
0.87 2.8305860805860807 0.2757201646090535
0.871 2.8250915750915753 0.27586206896551724
0.872 2.8223443223443225 0.2760041194644696
0.873 2.8150183150183152 0.276519052523172
0.874 2.812271062271062 0.276519052523172
0.875 2.8086080586080584 0.276519052523172
0.876 2.7976190476190474 0.27666151468315303
0.877 2.7893772893772892 0.27666151468315303
0.878 2.782051282051282 0.2768041237113402
0.879 2.7774725274725274 0.2774626095925735
0.88 2.7747252747252746 0.2776057791537668
0.881 2.769230769230769 0.2776057791537668
0.882 2.7646520146520146 0.2776057791537668
0.883 2.758241758241758 0.27812177502579977
0.884 2.748168498168498 0.27826535880227155
0.885 2.741758241758242 0.27826535880227155
0.886 2.738095238095238 0.2784090909090909
0.887 2.7335164835164836 0.2784090909090909
0.888 2.727106227106227 0.27892561983471076
0.889 2.7161172161172162 0.2794421487603306
0.89 2.7106227106227108 0.2799586776859504
0.891 2.7014652014652016 0.2799586776859504
0.892 2.6950549450549453 0.2801033591731266
0.893 2.6858974358974357 0.28039317123642005
0.894 2.6767399267399266 0.28039317123642005
0.895 2.6694139194139193 0.280910501810657
0.896 2.661172161172161 0.280910501810657
0.897 2.652014652014652 0.28142783238489394
0.898 2.6474358974358974 0.28194516295913086
0.899 2.64010989010989 0.28246249353336783
0.9 2.6355311355311355 0.28246249353336783
0.901 2.6236263736263736 0.2831262939958592
0.902 2.6153846153846154 0.2837907819782496
0.903 2.6053113553113554 0.2843086483687209
0.904 2.5952380952380953 0.2854922279792746
0.905 2.5842490842490844 0.28704663212435233
0.906 2.576923076923077 0.28704663212435233
0.907 2.5741758241758244 0.28704663212435233
0.908 2.5705128205128207 0.28704663212435233
0.909 2.5604395604395602 0.2871954380508035
0.91 2.5503663003663 0.28786307053941906
0.911 2.541208791208791 0.28801245459263103
0.912 2.53021978021978 0.2881619937694704
0.913 2.5238095238095237 0.28935064935064936
0.914 2.5146520146520146 0.28935064935064936
0.915 2.508241758241758 0.2898022892819979
0.916 2.498168498168498 0.2898022892819979
0.917 2.4862637362637363 0.2903225806451613
0.918 2.478937728937729 0.29084287200832465
0.919 2.468864468864469 0.29292403746097817
0.92 2.458791208791209 0.29411764705882354
0.921 2.447802197802198 0.2956793336803748
0.922 2.4404761904761907 0.2961998958875586
0.923 2.4249084249084247 0.29739583333333336
0.924 2.4184981684981683 0.29791666666666666
0.925 2.4075091575091574 0.29807191245440334
0.926 2.40018315018315 0.30015633142261594
0.927 2.389194139194139 0.3006774361646691
0.928 2.3827838827838828 0.3017196456487754
0.929 2.3745421245421245 0.30219206680584554
0.93 2.369047619047619 0.30427974947807934
0.931 2.3553113553113554 0.3048016701461378
0.932 2.3443223443223444 0.30616509926854757
0.933 2.3250915750915753 0.30616509926854757
0.934 2.315934065934066 0.30684788290642967
0.935 2.3003663003663 0.3076923076923077
0.936 2.282051282051282 0.30837696335078535
0.937 2.271062271062271 0.3087002096436059
0.938 2.2435897435897436 0.31027253668763105
0.939 2.230769230769231 0.3104352385946513
0.94 2.2106227106227108 0.31200839014158366
0.941 2.195970695970696 0.313581541688516
0.942 2.1767399267399266 0.31515469323544837
0.943 2.16025641025641 0.3163693599160546
0.944 2.1465201465201464 0.3174186778593914
0.945 2.128205128205128 0.31916010498687664
0.946 2.1163003663003663 0.32020997375328086
0.947 2.100732600732601 0.32142857142857145
0.948 2.0851648351648353 0.3217665615141956
0.949 2.065934065934066 0.32473684210526316
0.95 2.054029304029304 0.3264876250658241
0.951 2.0375457875457874 0.32701421800947866
0.952 2.021978021978022 0.32771338250790305
0.953 1.9981684981684982 0.33175105485232065
0.954 1.9807692307692308 0.33403693931398415
0.955 1.9633699633699633 0.3357972544878564
0.956 1.9404761904761905 0.3368532206969377
0.957 1.9276556776556777 0.3403805496828753
0.958 1.9075091575091576 0.3430232558139535
0.959 1.89010989010989 0.34725158562367864
0.96 1.89010989010989 0.34725158562367864
0.961 1.8626373626373627 0.34973544973544973
0.962 1.8397435897435896 0.3564618644067797
0.963 1.8195970695970696 0.3606991525423729
0.964 1.794871794871795 0.3628177966101695
0.965 1.7747252747252746 0.3687002652519894
0.966 1.7591575091575091 0.37208067940552014
0.967 1.7344322344322345 0.3744025491237387
0.968 1.715201465201465 0.3783209351753454
0.969 1.6978021978021978 0.3803191489361702
0.97 1.673992673992674 0.3873201917954182
0.971 1.6529304029304028 0.39019189765458423
0.972 1.6254578754578755 0.3957333333333333
0.973 1.59981684981685 0.4012806830309498
0.974 1.5631868131868132 0.4097222222222222
0.975 1.532967032967033 0.4136825227151256
0.976 1.5036630036630036 0.41849278460716194
0.977 1.4752747252747254 0.42406417112299466
0.978 1.4423076923076923 0.432475884244373
0.979 1.4038461538461537 0.4387755102040816
0.98 1.3717948717948718 0.4456404736275565
0.981 1.3315018315018314 0.45415318230852214
0.982 1.293040293040293 0.46
0.983 1.2463369963369964 0.47291440953412783
0.984 1.2023809523809523 0.4845360824742268
0.985 1.1547619047619047 0.501088139281828
0.986 1.1080586080586081 0.5177304964539007
0.987 1.054945054945055 0.5344262295081967
0.988 1.0045787545787546 0.5542168674698795
0.989 0.934981684981685 0.5777899945024739
0.99 0.8681318681318682 0.604522890237176
0.991 0.8067765567765568 0.6280487804878049
0.992 0.7454212454212454 0.6513048306496391
0.993 0.6712454212454212 0.6867335562987736
0.994 0.5961538461538461 0.7204241071428571
0.995 0.51007326007326 0.7599328483491886
0.996 0.4249084249084249 0.8038116591928252
0.997 0.30952380952380953 0.854739203589456
0.998 0.19230769230769232 0.9124087591240876
0.999 0.05952380952380952 0.9679054054054054
1.0 0.0 0.9988738738738738
